procs -----------memory---------- ---swap-- -----io---- -system-- -------cpu-------
 r  b   swpd   free   buff  cache   si   so    bi    bo   in   cs us sy id wa st gu
10  0 1527172 6343600  90520 5909736    1   45  3771   891 3666   31  6  3 91  0  0  0
 0  1 2731140 3516276  90536 5894180 17103 227290 21089 227373 33962 211203 13 12 72  3  0  0
 1  0 4011396 3517132  90544 5896816 111326 254712 111326 254729 11020 16188  4  4 84  8  0  0
 1  0 5315972 3522924  90560 5909352 108164 230920 108164 231126 12819 18223 10  4 78  8  0  0
 1  0 6236772 3519128  90584 5897332 108909 212587 108909 213090 14140 20858  4  4 84  8  0  0
 1  0 3857276 3812416  90592 6764052 39172 69446 39173 69470 16045 54929 10  6 81  3  0  0
 1  0 3901564 3570536  90636 6970196 25118 17414 25120 17964 16190 61317 12  8 77  3  0  0
 1  0 3901564 3589556  90648 6970260    6    0     6    36 5635 37156  5  7 88  0  0  0
 1  0 3901564 3608008  90672 6964184   40    0    40    61 5692 35153  4  7 89  0  0  0
 1  0 3901308 3556448  90696 6970164   33    0    33   154 5850 35402  8  7 84  0  0  0
 1  0 3901308 3504264  90720 6971216    0    0     0    66 6174 36698  7  7 85  0  0  0
 2  0 3901308 3524760  90728 6990956    2    0     2    18 5797 35318  5  7 87  0  0  0
 2  0 3901052 3542104  90736 6988232   98    0    98   723 5884 37338  6  7 87  0  0  0
 1  0 3901052 3602712  90744 6968780   12    0    12    30 5823 36998  5  7 88  0  0  0
 2  0 3901052 3599856  90752 6970704    2    0     2    19 5686 36650  4  7 89  0  0  0
 1  0 3901052 3545644  90760 6974044    0    0     0    46 6121 37386  9  7 84  0  0  0
 2  0 3901052 3539496  90776 6976920    0    0     0    60 6077 37863  7  8 85  0  0  0
 2  0 4116076 3412288  90792 7123952   94 37207    94 37242 20666 32386 13  8 78  0  0  0
 0  0 4118636 3615256  90808 7104144  700  461   700   526 6174 39125  9  7 84  0  0  0
 0  0 4118636 3607640  90816 7105852    0    0     0   419 5863 37335  6  7 87  0  0  0
 1  0 4118636 3609116  90856 7105728    0    0     0    72 5799 36874  5  7 88  0  0  0
 0  0 4118636 3602604  90948 7105292    0    0    49   236 5835 36830  5  7 88  0  0  0
 0  0 4118636 3601652  91032 7105444    0    0    18   330 5744 37010  5  7 88  0  0  0
 2  0 4118636 3538664  91104 7102612    0    0     0   138 5919 37171 11  8 81  0  0  0
 4  0 4118636 3552180  91128 7100184    6    0     6   218 6126 38017  6  7 87  0  0  0
12  0 4118636 3509076  91136 7114252    0    0     0   475 6026 36496  8  7 85  0  0  0
 1  0 4118636 3582400  91160 7117128   18    0    18    55 6177 37745 10  7 82  0  0  0
 0  0 4118636 3593936  91176 7100288    9    0     9   191 5759 35506  6  7 87  0  0  0
 1  0 4187500 3492636  91224 7099716 3739 7386 11776  7486 10378 58758  8  7 84  1  0  0
 3  0 4393836 3533336  91260 7130620 2838 46253  6026 46931 14141 43564 11  7 81  1  0  0
 2  0 4393836 3539604  91276 7130576    0    0     0   178 5755 35142  5  7 88  0  0  0
 1  0 4394092 3539832  91300 7130512    0   76     0   141 5723 34292  5  7 88  0  0  0
 3  0 4394092 3536028  91328 7132616    2    0     3   160 5771 34508  5  7 88  0  0  0
 5  0 4394092 3465856  91356 7138756    0   26     0   118 5902 35265  8  7 85  0  0  0
 3  0 4394092 3377752  91388 7146804    0    0     0    61 6231 36704  9  8 82  0  0  0
 1  0 4394092 3435460  91396 7148864    0    0     0   821 5975 35634  7  7 86  0  0  0
 0  0 4396140 3456624  91428 7148088  140  433   141   530 6140 41191 10  7 83  0  0  0
 0  0 4397676 3501356  91436 7140492  105  357   214   535 6454 48109 10  7 83  0  0  0
 0  0 4397932 3503960  91484 7145804   21   30    21   111 6177 50330  9  7 83  0  0  0
 3  0 4398700 3490632  91512 7150204    7  174     7   885 6069 50945  7  7 86  0  0  0
 0  0 4398700 3511460  91560 7143960    2   31     2   254 6151 49673  7  7 86  0  0  0
 0  0 4398956 3507544  91584 7146196    8   70    50   137 6227 50264 10  7 83  0  0  0
 0  0 4399212 3515344  91624 7143840    0   33     0   394 6039 51368  6  7 86  0  0  0
 1  0 4399212 3515472  91648 7150372    0    0     0   218 5956 50993  7  8 85  0  0  0
 0  0 4399212 3512300  91664 7148816    0    0   109    44 6173 50357  8  7 84  0  0  0
 0  0 4402796 3508400  91696 7147984  116  827   121  1548 6001 50280  8  7 85  0  0  0
 0  0 4402796 3497188  91704 7145924    5    0     5   174 5861 46824  6  7 87  0  0  0
 0  0 4402796 3504612  91712 7145528   42    9    51    44 6130 50333  7  7 86  0  0  0
 0  0 4407660 3515276  91768 7140864    0  888     0  1047 6196 48065  7  7 86  0  0  0
 1  0 4407660 3450256  91776 7144816    0    0     0    33 6564 50044 13  7 80  0  0  0
 2  0 4407660 3376448  91808 7149440   15    0    15    62 6243 51273  9  8 84  0  0  0
 1  0 4407660 3408200  91824 7149652    0    0     0   734 6266 48714  8  7 85  0  0  0
 1  0 4407404 3444452  91832 7150464    1    0     1   177 5930 50429  7  7 86  0  0  0
 1  0 4407404 3456564  91856 7150192    0    0     0    54 6001 48489  7  7 86  0  0  0
