procs -----------memory---------- ---swap-- -----io---- -system-- -------cpu------- -----timestamp-----
 r  b   swpd   free   buff  cache   si   so    bi    bo   in   cs us sy id wa st gu                CEST
 5  0 1527568 6230008  93352 5990720  169  476  3872  1309 3755   32  6  3 91  0  0  0 2026-09-27 07:00:00
 0  1 3564304 4923880  93368 5975852 9926 390676 13758 391202 74390 216378 12 14 69  6  0  0 2026-09-27 07:00:05
 0  1 4854800 4903252  93432 5986956 98320 254318 98320 254787 13567 20327  8  4 81  8  0  0 2026-09-27 07:00:10
 0  1 5531920 4968112  93440 5974328 94216 146535 94216 146724 15181 24814  5  3 83  9  0  0 2026-09-27 07:00:15
 1  1 6062096 5128708  93472 5968004 98667 107594 98667 107744 17108 23083  7  3 81  9  0  0 2026-09-27 07:00:20
 0  1 6708752 5149380  93480 5968004 113646 131920 113646 131969 12663 19191  4  3 84  9  0  0 2026-09-27 07:00:25
 0  1 4462680 5460792  93520 5972856 70210 88082 70210 88714 14838 37160 12  4 78  5  0  0 2026-09-27 07:00:30
 0  1 5229016 4817880  93536 7012176 48705 177339 48707 177830 26085 48565 10  7 79  5  0  0 2026-09-27 07:00:35
 1  0 5381516 5137152  93572 7041740 64245 84956 64280 85323 30700 62386 11  7 76  6  0  0 2026-09-27 07:00:40
 0  0 5386844 5155316  93580 7042236 1252 1291  1252  1318 7083 41146  8  8 84  0  0  0 2026-09-27 07:00:45
 0  0 5386332 5172444  93604 7040356   33    0    33    60 5803 35093  5  6 89  0  0  0 2026-09-27 07:00:50
 0  0 5385052 5111824  93612 7045160  322    0   322   433 6280 36474  9  7 84  0  0  0 2026-09-27 07:00:55
 0  0 5385052 5101684  93644 7046168   38    0    38    57 5995 35803  7  7 86  0  0  0 2026-09-27 07:01:00
 0  0 5381724 5107528  93668 7048976 1297    0  1297    35 5921 36323  6  7 87  0  0  0 2026-09-27 07:01:05
 0  0 5380956 5155468  93700 7044620   75    0    75    70 5767 37049  6  7 88  0  0  0 2026-09-27 07:01:10
 1  0 5380956 5153788  93708 7044368   22    0    22   450 5770 37137  5  7 88  0  0  0 2026-09-27 07:01:15
 0  0 5380956 5135388  93716 7047716    5    0     5    75 5935 37210  7  7 86  0  0  0 2026-09-27 07:01:20
 0  0 5380956 5152548  93724 7045612    3    0     3    39 5948 36114  8  7 85  0  0  0 2026-09-27 07:01:25
 0  0 5380956 5153088  93732 7045676    4    0     4   337 5692 36416  4  7 89  0  0  0 2026-09-27 07:01:30
 0  0 5380956 5161332  93756 7047664    0    0     0    45 5776 36756  5  7 89  0  0  0 2026-09-27 07:01:35
 1  0 5522656 4975916  93780 7174836 3590 31950  3590 32054 17351 32321  7  8 84  0  0  0 2026-09-27 07:01:40
 0  0 5518048 5182392  93788 7177136 3310  121  3310   149 6430 39385  6  7 87  0  0  0 2026-09-27 07:01:45
 2  0 5517280 5167836  93796 7176724   49    0    49    42 5772 36966  6  7 88  0  0  0 2026-09-27 07:01:50
 2  0 5517280 5113680  93804 7180236   76    0    76    26 6255 37854 10  7 83  0  0  0 2026-09-27 07:01:55
 1  0 5517280 5096540  93812 7191776   38    0    38   393 6232 38033  7  7 86  0  0  0 2026-09-27 07:02:00
 3  0 5507040 5087572  93820 7189420 4884    0  4885    22 6489 37967  6  7 87  1  0  0 2026-09-27 07:02:05
 0  0 5504736 5130768  93844 7181400  984    0   984    54 7791 36037  6  7 87  0  0  0 2026-09-27 07:02:10
 0  2 5559408 5053036  93856 7216852 21814 25026 28102 25115 17116 59900  7  7 83  3  0  0 2026-09-27 07:02:15
 2  3 5893184 4968720  93896 7264640 87006 110074 88124 110357 42919 49638 11  8 70 12  0  0 2026-09-27 07:02:20
 3  0 5925892 5061380  93904 7283540 17628 16166 17800 16229 16465 41608  6  6 85  3  0  0 2026-09-27 07:02:25
 2  0 5925124 5019984  93912 7309452  367  432   367   458 15389 37264 11  7 83  0  0  0 2026-09-27 07:02:30
 2  0 5924024 4723324  93928 7429652  362  183  3944   265 11979 39556 15  9 76  0  0  0 2026-09-27 07:02:35
 0  0 5923768 4788736  94100 7328824  333  314  1490   494 13603 37947  7  9 84  0  0  0 2026-09-27 07:02:40
 1  0 5923768 4853628  94308 7312088  314  205   456   373 11091 39498 17  8 75  0  0  0 2026-09-27 07:02:45
 1  0 5924024 4868340  94364 7299692  331  232   331   478 14278 39866 10  8 82  0  0  0 2026-09-27 07:02:50
 0  0 5924280 4895584  94392 7299500  232  270   232  1276 10484 37350  7  7 86  0  0  0 2026-09-27 07:02:55
 3  0 5945016 4898588  94408 7304684 10585 8702 10827  8747 13231 49413  8  7 83  2  0  0 2026-09-27 07:03:00
 4  0 5945272 4920704  94416 7284384  290  183   290   198 8738 49520  7  7 86  0  0  0 2026-09-27 07:03:05
 1  0 5943992 4987368  94456 7264468 1788 1466  1814  1598 9438 54110 12  8 80  0  0  0 2026-09-27 07:03:10
 0  0 5943736 4966780  94464 7278880 6782 6098  6806  6127 9414 51886  7  7 85  1  0  0 2026-09-27 07:03:15
 1  0 5944760 4999596  94480 7249180  322  492   326   553 6154 49706  6  7 87  0  0  0 2026-09-27 07:03:20
 1  0 5943224 5009452  94496 7246508 1489 1551  1494  1618 6717 52261  6  7 87  0  0  0 2026-09-27 07:03:25
 0  0 5943224 5009260  94504 7242324   74   62    74   694 6102 49703  6  7 86  0  0  0 2026-09-27 07:03:30
 0  0 5943480 5020504  94512 7244368  320  149   320   162 6169 53825  6  7 87  0  0  0 2026-09-27 07:03:35
 4  0 5942968 5019232  94536 7245676 1107  802  1107   880 6460 50869 10  7 84  0  0  0 2026-09-27 07:03:40
 0  0 5942712 5009016  94544 7243612  136  102   146   129 6063 50315  6  6 87  0  0  0 2026-09-27 07:03:45
 0  0 5940920 5017092  94552 7243640  805  845   810   880 6225 51600  6  7 86  0  0  0 2026-09-27 07:03:50
 1  0 5940920 5013020  94564 7245752   34    2    34    54 5983 50108  7  7 87  0  0  0 2026-09-27 07:03:55
 3  0 5941176 4968208  94588 7279960   79   58    99   411 8623 55299  8  7 84  0  0  0 2026-09-27 07:04:00
 2  0 5940920 5633940  94780 7204888  299  222   456   690 9615 53121 17  8 74  0  0  0 2026-09-27 07:04:05
 1  0 5940920 5656244  94792 7188068   74    0    74   164 8011 50291 12  8 80  0  0  0 2026-09-27 07:04:10
 2  0 5940152 5678964  94800 7181720  351   27   351   142 8571 52280  7  7 86  0  0  0 2026-09-27 07:04:15
 2  0 5940152 5746000  94808 7169384   34    0    34    58 6169 51265  7  7 86  0  0  0 2026-09-27 07:04:20
