procs -----------memory---------- ---swap-- -----io---- -system-- -------cpu------- -----timestamp-----
 r  b   swpd   free   buff  cache   si   so    bi    bo   in   cs us sy id wa st gu                CEST
 4  0 1527296 6318064  91896 5962436   76  243  3813  1082 3705   31  6  3 91  0  0  0 2026-09-27 06:55:21
 1  0 3212800 4412792  91904 5933932 4678 331220  8516 331395 74124 218869 14 14 69  3  0  0 2026-09-27 06:55:26
 1  0 4456960 4472908  91968 5935544 107070 230098 107070 231414 13023 20156  5  4 83  8  0  0 2026-09-27 06:55:31
 0  1 5547520 4528720  92008 5934756 120755 222739 120755 222997 15285 21172  5  4 83  8  0  0 2026-09-27 06:55:36
 0  0 6063872 4511944  92040 5927776 98958 112966 98958 113302 14713 24344  4  3 84  9  0  0 2026-09-27 06:55:41
 1  0 6692048 4518936  92052 5929440 104842 127945 104842 128040 12805 21767  4  4 84  8  0  0 2026-09-27 06:55:46
 1  0 4494828 4234088  92120 6792592 39014 101670 39015 102198 15528 54747 10  6 80  3  0  0 2026-09-27 06:55:51
 1  0 4899052 4523664  92132 7001428 27704 96134 27740 96238 22290 62282 12  8 77  3  0  0 2026-09-27 06:55:56
 2  0 4898796 4565860  92148 7003872   23    0    24    30 5821 37679  5  7 88  0  0  0 2026-09-27 06:56:01
 4  0 4898540 4541240  92188 7008152   61    0    61    65 5865 35005  5  7 88  0  0  0 2026-09-27 06:56:06
 0  0 4898540 4507488  92196 7009312   36    0    36   182 6048 35746 11  7 82  0  0  0 2026-09-27 06:56:11
 1  0 4898540 4458500  92272 7008416   26    0    26   120 6572 36517 10  8 82  0  0  0 2026-09-27 06:56:16
 2  0 4898540 4541468  92304 7019600   22    0    23    86 5884 35933  6  7 88  0  0  0 2026-09-27 06:56:21
 1  0 4898284 4556156  92320 7017796  114    0   114   416 5720 36833  6  7 87  0  0  0 2026-09-27 06:56:26
 1  0 4898284 4605068  92344 7008316   18    0    18    66 5691 37009  6  6 88  0  0  0 2026-09-27 06:56:31
 1  0 4898284 4569260  92400 7012184    2    0     2   129 5842 37041  6  7 87  0  0  0 2026-09-27 06:56:36
 3  0 4898284 4580504  92580 7014404    0    0    62   938 5914 37672  9  7 85  0  0  0 2026-09-27 06:56:41
 1  0 4898284 4600212  92588 7009664    1    0     1    93 5697 36623  5  6 89  0  0  0 2026-09-27 06:56:46
 0  0 5038572 4616692  92608 7137328 1442 30169  1442 30342 15065 33582  7  8 84  0  0  0 2026-09-27 06:56:51
 3  0 5038572 4582460  92648 7158940    0    0     0    66 6061 37205  8  7 84  0  0  0 2026-09-27 06:56:56
 2  0 5038572 4583156  92704 7153064    0    0     0    66 5930 37110  9  7 84  0  0  0 2026-09-27 06:57:01
 0  0 5038572 4595636  92736 7146400    0    0     0   206 5574 36774  5  7 88  0  0  0 2026-09-27 06:57:06
 0  0 5038572 4519508  92752 7149068    0    0     0   326 5985 37144  9  7 83  0  0  0 2026-09-27 06:57:11
 0  0 5038572 4453712  92780 7151376    0    0     0    71 5995 37936  7  8 85  0  0  0 2026-09-27 06:57:16
 1  0 5038572 4532700  92796 7151264    7    0     7   986 6158 37641  5  7 88  0  0  0 2026-09-27 06:57:21
 1  0 5038572 4518544  92812 7151856    0    0     0   523 6057 37629  7  7 86  0  0  0 2026-09-27 06:57:26
 1  0 5038572 4506676  92820 7176076    3    0     4    32 5864 37351  6  7 87  0  0  0 2026-09-27 06:57:31
 3  0 5038316 4561380  92844 7162928   78    0    79  2458 5742 36622  6  7 87  0  0  0 2026-09-27 06:57:36
 2  0 5038316 4553520  92860 7158920   30    0    30   128 5804 35794  6  7 87  0  0  0 2026-09-27 06:57:41
 2  0 5323500 4501348  92884 7181524 20505 66434 30291 66866 24845 72783 14  8 75  3  0  0 2026-09-27 06:57:46
 4  0 5323500 4508176  92892 7179476    0    0     0    19 5734 35865  6  6 88  0  0  0 2026-09-27 06:57:51
 2  0 5323500 4508928  92900 7179476    0    0     0    10 5776 35735  6  7 88  0  0  0 2026-09-27 06:57:56
 1  0 5323500 4504880  92924 7181764    7    0     7    65 5856 36033  5  7 88  0  0  0 2026-09-27 06:58:01
 1  0 5323500 4510040  92948 7181548    2    0     2    53 5824 35956  6  7 88  0  0  0 2026-09-27 06:58:06
 1  0 5323500 4504504  92956 7183648    2    0     2    29 5726 35942  6  7 87  0  0  0 2026-09-27 06:58:11
 1  0 5323500 4449944  92964 7185080    2    0     2   375 6247 37267 10  7 83  0  0  0 2026-09-27 06:58:16
 2  0 5323244 4443756  92972 7188160    6    0     6    38 6118 37274  8  7 85  0  0  0 2026-09-27 06:58:21
 1  0 5323500 4456836  92980 7188208  534  100   542   296 6141 42024  8  7 85  0  0  0 2026-09-27 06:58:26
 3  0 5327084 4494068  93020 7191028  375  951   944  1037 7184 49290 14  7 79  0  0  0 2026-09-27 06:58:31
 4  0 5328620 4481456  93044 7194836  191  326   222   366 6499 53148 11  7 82  0  0  0 2026-09-27 06:58:36
 3  0 5329388 4480728  93076 7192140  197  197   197   891 6290 52644  7  8 86  0  0  0 2026-09-27 06:58:41
 3  0 5329644 4493184  93076 7187904   91   80    91    87 6145 51793  7  7 86  0  0  0 2026-09-27 06:58:46
 2  0 5329644 4495468  93092 7188036   28   27    28    74 5975 51381  6  7 86  0  0  0 2026-09-27 06:58:51
 3  1 5342188 4494156  93100 7192592  710 2242   922  2423 6726 55975  8  8 84  0  0  0 2026-09-27 06:58:56
 1  0 5339116 4488504  93124 7194688  693    0   751    56 6033 55833  7  7 85  0  0  0 2026-09-27 06:59:01
 4  0 5339116 4484236  93132 7188656   80    0    83    21 5994 52601  8  8 84  0  0  0 2026-09-27 06:59:06
 2  0 5338348 4498304  93172 7189204  239    0   239   149 6086 58417  8  7 85  0  0  0 2026-09-27 06:59:11
 1  0 5338348 4493308  93180 7191236    4    0     4    42 6095 50689  7  7 86  0  0  0 2026-09-27 06:59:16
 4  0 5338348 4520252  93196 7189800   49    0   176    29 6358 56562  7  8 85  0  0  0 2026-09-27 06:59:21
 2  0 5339884 4522920  93204 7187824  328  523   328   850 6325 56862  7  7 86  0  0  0 2026-09-27 06:59:26
 2  0 5339884 4516656  93212 7192452   46    2    49    58 6050 57030  7  7 86  0  0  0 2026-09-27 06:59:31
 0  0 5340140 4443580  93228 7195264  180  130   181   161 6455 53805 11  7 82  0  0  0 2026-09-27 06:59:36
 0  0 5340652 4372180  93260 7196600   61   93    69   200 6647 57537  9  8 83  0  0  0 2026-09-27 06:59:41
 1  0 5340652 4438444  93268 7196308   19    0    19   701 6356 53003  8  7 85  0  0  0 2026-09-27 06:59:46
