procs -----------memory---------- ---swap-- -----io---- -system-- -------cpu------- -----timestamp-----
 r  b   swpd   free   buff  cache   si   so    bi    bo   in   cs us sy id wa st gu                CEST
 5  0 1526488 7108164  94864 5949968  302  751  3972  1578 3828   32  6  3 91  0  0  0 2026-09-27 07:04:39
 1  1 3705304 6192356  94876 5932344 6902 429890 10790 430574 79005 211295 15 13 66  6  0  0 2026-09-27 07:04:44
 0  1 4946648 6214008  94884 5909324 81570 241510 81570 241548 18613 33374  4  4 83  8  0  0 2026-09-27 07:04:49
 0  1 5629912 6214848  94892 5939572 102426 144234 102426 144254 16878 23032  4  4 84  9  0  0 2026-09-27 07:04:54
 0  1 6103256 6232412  94908 5939968 100694 98362 100699 98403 16300 24844  4  3 84  9  0  0 2026-09-27 07:04:59
 1  0 6552024 6265308  94916 5908580 92324 92650 92324 92666 15597 27282  3  3 84 10  0  0 2026-09-27 07:05:04
 2  1 7195096 6273540  94940 5908604 117458 131182 117460 131708 12738 19801  4  4 84  9  0  0 2026-09-27 07:05:09
 1  0 5111480 6151812  94952 6503496 46838 126552 46839 126622 33316 58966  9  7 80  4  0  0 2026-09-27 07:05:14
 1  0 1526752 7029928  94984 5910584 101018 189555 101058 189941 15586 32802  6  6 81  6  0  0 2026-09-27 07:05:19
